0.0,0.0,38.0
1.2912813779925358,0.0,36.977460599706546
4.185388424647519,0.0,59.853843015589455
6.4807647225945155,0.0,61.660357512832945
8.489559158563992,0.0,60.40635219323579
10.592538837682751,0.0,60.07327293374469
12.474701449065561,0.0,58.68885604402834
14.515313735980063,0.0,58.21774357655979
16.53824134901995,0.0,57.675701756299134
18.541019662496844,0.0,57.06339097770921
20.179188456214455,0.0,55.4418646263686
22.10178901153881,0.0,54.70384741944046
23.997461941472213,0.0,53.89918200091345
24.98715536697741,0.0,51.23126063905252
26.759879078795777,0.0,50.32801279295884
28.999999999999996,0.0,50.229473419497445
30.20539806129268,0.0,48.338741480916276
31.873995497832574,0.0,47.25514163563738
9.992349288972044,0.0,13.753288904374106
35.092704093562524,0.0,44.91661295558315
36.63889375213274,0.0,43.66453325778175
10.036959095382873,0.0,11.147172382160914
10.419875556884959,0.0,10.790097005079767
10.790097005079767,0.0,10.419875556884959
11.147172382160914,0.0,10.036959095382873
11.49066664678467,0.0,9.64181414529809
11.82016130410083,0.0,9.234922129884874
12.135254915624213,0.0,8.816778784387097
12.435563588325627,0.0,8.387893552061202
12.720721442346392,0.0,7.948788963498074
12.990381056766578,0.0,7.500000000000002
13.244213892883904,0.0,7.042073441788363
13.481910694487505,0.0,6.5755672018361615
13.703181864639014,0.0,6.101049646137003
13.90775781850181,0.0,5.619098901238679
14.095389311788624,0.0,5.130302149885033
14.265847744427303,0.0,4.635254915624212
14.418925439074783,0.0,4.134560337254987
14.554435894139948,0.0,3.628828433995015
14.672214011007084,0.0,3.1186753622663916
14.772116295183121,0.0,2.604722665003956
14.854021031123555,0.0,2.087596514400982
14.9178284305241,0.0,1.5679269490148018
14.963460753897364,0.0,1.0463471061618785
14.990862405286437,0.0,0.5234924505375163
15.0,0.0,9.18485099360515e-16
14.990862405286437,0.0,-0.5234924505375144
14.963460753897364,0.0,-1.0463471061618799
14.9178284305241,0.0,-1.5679269490148033
14.854021031123555,0.0,-2.0875965144009805
14.772116295183121,0.0,-2.6047226650039548
0.0,0.0,38.0
1.3253730011383806,0.04628304506333929,37.97685142672564
2.649131239432935,0.09250970136562547,37.90743390987332
5.85002809171734,0.2042874825111101,55.6932261406233
8.067122587102931,0.28171012832589304,57.435547987011084
9.718374169779093,0.3393731042174109,55.14923416868365
12.259317161364644,0.4281047887182418,57.710708443294536
14.264696875725377,0.4981341914668599,57.24744785028379
21.21114726402268,0.7407095842624515,74.01715058725055
23.779813716992713,0.8304093933678033,73.23135175472682
20.850519427621215,0.7281161827151682,57.321249867940416
22.46270359204407,0.7844148942992246,55.63103127400724
23.98284333604719,0.8374993438948021,53.89918200091345
25.410037969989038,0.8873380787265446,52.13005468535169
27.21276325688325,0.9502906329271221,51.21096038581776
28.982333983553772,1.012085404372528,50.229473419497445
30.186997748916284,1.0541531900378132,48.338741480916276
31.85457872098183,1.1123864007721387,47.25514163563738
33.48334979569755,1.1692643400271125,46.11396867937201
35.07132656640186,1.2247177107951275,44.91661295558315
9.635940612633872,0.33649446096995783,11.49066664678467
10.030844851091524,0.35028482085245166,11.147172382160914
10.41352805023132,0.3636484126379771,10.790097005079767
10.783523969522937,0.37656895484844694,10.419875556884959
11.14038182593222,0.3890307057934347,10.036959095382873
11.483666843130871,0.4010184827489994,9.64181414529809
11.812960781204442,0.41251768045549647,9.234922129884874
12.127862446213229,0.4235142889118359,8.816778784387097
12.427988178985302,0.43399491044451133,8.387893552061202
12.712972322546104,0.4439467760306013,7.948788963498074
12.982467667615145,0.45335776085485624,7.500000000000002
13.236145875627043,0.4622163990819193,7.042073441788363
13.47369787876146,0.4705118978256792,6.5755672018361615
13.694834256494659,0.47823415029874033,6.101049646137003
13.89928558821382,0.485373748125986,5.619098901238679
14.086802781464556,0.4919219928072345,5.130302149885033
14.257157375431705,0.49787090631502157,4.635254915624212
14.410141819283627,0.5032132408145977,4.134560337254987
14.545569725040934,0.5079424874942988,3.628828433995015
14.663276094661533,0.5120528844955302,3.1186753622663916
14.76311752106532,0.5155394239327041,2.604722665003956
14.84497236285361,0.5183978579945765,2.087596514400982
14.90874089251046,0.5206247041195511,1.5679269490148018
14.954345417905268,0.5222172492386437,1.0463471061618785
14.981730376948684,0.5231735530809397,0.5234924505375163
14.990862405286437,0.5234924505375146,9.18485099360515e-16
14.981730376948684,0.5231735530809397,-0.5234924505375144
14.954345417905268,0.5222172492386437,-1.0463471061618799
14.90874089251046,0.5206247041195511,-1.5679269490148033
14.84497236285361,0.5183978579945765,-2.0875965144009805
14.76311752106532,0.5155394239327041,-2.6047226650039548
0.0,0.0,37.0
1.288135881455321,0.09007523554021427,36.977460599706546
3.8968468268818324,0.2724940752360312,55.86358681455015
5.839334882344076,0.40832607219285477,55.6932261406233
7.774708607732769,0.543660586728521,55.45501184952794
9.700610048284991,0.6783327345837522,55.14923416868365
11.822098018146342,0.8266816248926665,55.754413241826924
14.479955161256333,1.0125371015116347,58.21774357655979
20.897409697450264,1.4612892380200957,73.05588889131224
23.736346827099815,1.6598070608045492,73.23135175472682
26.271398957372774,1.8370751743851417,72.35633180051495
28.774443434814952,2.012105094845483,71.39315680164263
23.939005330291007,1.6739783238459527,53.89918200091345
25.800894505769403,1.804174298079288,53.028848731650854
27.163021311961153,1.899423483099073,51.21096038581776
28.9293574575349,2.0229377385796337,50.229473419497445
30.660447637272547,2.1439873560354057,49.18678957707271
32.35418278444409,2.2624248551537844,48.084179208192424
33.422145906712714,2.337104111567266,46.11396867937201
10.440749833551644,0.7300883501600035,13.396182811314272
9.618327170636027,0.672578955272222,11.49066664678467
10.01250956748232,0.700142873607935,11.147172382160914
10.394493263729501,0.7268537757008986,10.790097005079767
10.763812871083772,0.7526791184314119,10.419875556884959
11.120018430492895,0.7775874375974465,10.036959095382873
11.462675960351987,0.8015483862489311,9.64181414529809
11.79136798524327,0.8245327716608355,9.234922129884874
12.105694044565531,0.8465125909000079,8.816778784387097
12.405271180433704,0.8674610649424372,8.387893552061202
12.68973440425406,0.8873526712993678,7.948788963498074
12.958737141406562,0.9061631751125205,7.500000000000002
13.2119516534927,0.9238696586805356,7.042073441788363
13.449069437634195,0.9404505493806598,6.5755672018361615
13.669801602336264,0.9558856459516654,6.101049646137003
13.873879219457404,0.970156143105975,5.619098901238679
14.061053651856897,0.9832446544410076,5.130302149885033
14.231096856320878,0.9951352336218323,4.635254915624212
14.383801661397856,1.0058133938093206,4.134560337254987
14.518982019805213,1.015266125310128,3.628828433995015
14.636473235099167,1.023481911427003,3.1186753622663916
14.736132162332023,1.0304507424901068,2.604722665003956
14.817837382452224,1.0361641280522553,2.087596514400982
14.881489350234778,1.0406151072332204,1.5679269490148018
14.927010515561777,1.043798257200491,1.0463471061618785
14.954345417905268,1.0457096997761584,0.5234924505375163
14.963460753897364,1.0463471061618796,9.18485099360515e-16
14.954345417905268,1.0457096997761584,-0.5234924505375144
14.927010515561777,1.043798257200491,-1.0463471061618799
14.881489350234778,1.0406151072332204,-1.5679269490148033
14.817837382452224,1.0361641280522553,-2.0875965144009805
16.70094978397629,1.167844174822121,-2.952019020337815
0.0,0.0,37.0
1.2842076034948924,0.13497565808769774,36.977460599706546
3.8849630670040223,0.40832607219285477,55.86358681455015
5.8215273428972605,0.611867179453442,55.6932261406233
7.8894096806118075,0.8292103711783289,56.44527991826951
9.671027227711484,1.0164659210021507,55.14923416868365
11.786045542814126,1.2387633035839134,55.754413241826924
13.714007462143424,1.441400266736365,55.3068563977318
20.833681301148008,2.189708140925985,73.05588889131224
23.66396085490204,2.487182509011382,73.23135175472682
25.851135610772314,2.71706383911952,71.41663917972905
28.68669336621126,3.015092968556589,71.39315680164263
24.27050983124842,2.550933375321448,54.812727458556054
26.15818222676621,2.7493357388844726,53.92764277795002
27.547085158156438,2.8953153193464987,52.09390797867669
28.84113496567992,3.0313254347619503,50.229473419497445
30.56694604132733,3.2127154880809057,49.18678957707271
32.25551600170047,3.3901913424585186,48.084179208192424
9.937610154050295,1.0444849156098774,13.753288904374106
9.184332260191516,0.9653122186333112,11.820161304100829
9.588995278570483,1.0078440157203328,11.49066664678467
9.981975583274004,1.049147910120669,11.147172382160914
10.362794388334772,1.0891735794013697,10.790097005079767
10.730987724699458,1.1278722584498981,10.419875556884959
11.086107005503543,1.1651967988869083,10.036959095382873
11.427719572605291,1.2011017265092823,9.64181414529809
11.755409223713079,1.2355432966934425,9.234922129884874
12.068776719463747,1.2684795476914368,8.816778784387097
12.367440269834288,1.2998703517548642,8.387893552061202
12.65103599929417,1.3296774640243567,7.948788963498074
12.91921839013161,1.3578645691250468,7.500000000000002
13.171660703413718,1.384397325411261,7.042073441788363
13.408055377067507,1.4092434068065216,6.5755672018361615
13.62811440059694,1.4323725421878943,6.101049646137003
13.831569665979343,1.4537565522666869,5.619098901238679
14.018173294313724,1.4733693839205726,5.130302149885033
14.187697937823048,1.4911871419353064,4.635254915624212
14.339937056842466,1.5071881181173628,4.134560337254987
14.47470517145609,1.5213528177420248,3.628828433995015
14.5918380874757,1.5336639833047045,3.1186753622663916
14.691193096486073,1.5441066155465542,2.604722665003956
14.77264914971319,1.5526679917287507,2.087596514400982
14.836107005503541,1.559337681133195,1.5679269490148018
14.881489350234778,1.5641075577707348,1.0463471061618785
14.90874089251046,1.5669718102814307,0.5234924505375163
14.9178284305241,1.567926949014802,9.18485099360515e-16
14.90874089251046,1.5669718102814307,-0.5234924505375144
14.881489350234778,1.5641075577707348,-1.0463471061618799
16.814254606237345,1.767249371950954,-1.7769838755501104
16.742335703008283,1.7596903906259176,-2.365942716321111
0.0,0.0,-0.0
0.0,0.0,37.0
1.3478344307858992,0.1894257759432729,38.976242253744736
3.8683460780617533,0.543660586728521,55.86358681455015
5.7966271691206686,0.8146628208067791,55.6932261406233
7.717845962875978,1.0846725137270719,55.45501184952794
9.801619995707279,1.3775278556323514,56.134041921695854
11.941521895024028,1.67827145474356,56.73256084256073
18.20713215397549,2.5588455504564656,73.74247519697573
21.017525145380827,2.953820527310322,74.01715058725055
23.5627439915563,3.3115277084520804,73.23135175472682
26.07925526374053,3.6652003031828295,72.35633180051495
22.9995787635897,3.2323799972382923,57.48539898314082
24.569476911531225,3.453014793347733,55.72627291619865
26.04629693537083,3.6605683122033565,53.92764277795002
27.42925917073519,3.8549309791233486,52.09390797867669
29.21290802787632,4.1056064783219295,51.095498823281886
30.960965456489014,4.351279928446874,50.034837673229134
32.11755084129014,4.51382740383141,48.084179208192424
9.89510443258155,1.3906662364223443,13.753288904374106
10.364388302878536,1.4566197832662515,13.396182811314272
9.547980672829492,1.341881173481758,11.49066664678467
9.939280099422936,1.3968747215137676,11.147172382160914
10.318470044243963,1.4501663928696684,10.790097005079767
10.685088522754544,1.5016912598568661,10.419875556884959
11.038688866811858,1.551386547361734,10.036959095382873
11.37884026886463,1.5991917093314194,9.64181414529809
11.70512830682577,1.6450485025398836,9.234922129884874
12.017155448981837,1.688901057548299,8.816778784387097
12.31454153832421,1.730695946773356,8.387893552061202
12.596924255711844,1.7703822495805437,7.948788963498074
12.86395956130132,1.8079116143230967,7.500000000000002
13.11532211370642,1.843238317251033,7.042073441788363
13.350705666376465,1.8763193182184954,6.5755672018361615
13.569823440710588,1.9071143131215431,6.101049646137003
13.772408475453263,1.9355857830024918,5.619098901238679
13.958213951945494,1.9616990397609855,5.130302149885033
14.127013494835312,1.985422268416103,4.635254915624212
14.278601447881286,2.0067265658680107,4.134560337254987
14.412793124512957,2.0255859761119392,3.628828433995015
14.529425032842994,2.0419775218615754,3.1186753622663916
14.62835507485687,2.0558812325433484,2.604722665003956
14.709462719537392,2.067280168627494,2.087596514400982
14.772649149713192,2.076160442266265,1.5679269490148018
14.817837382452225,2.0825112342141345,1.0463471061618785
14.844972362853612,2.0863248070093787,0.5234924505375163
14.854021031123555,2.0875965144009814,9.18485099360515e-16
16.824302011234096,2.3645014479439626,-0.5932914439425162
17.78140485894267,2.4990134810569615,-1.2556165273942559
17.72717897965583,2.491392530719518,-1.881512338817764
0.0,0.0,-0.0
0.0,0.0,-0.0
0.0,0.0,37.0
1.9246805160154288,0.3393731042174109,55.96588631306936
3.847016105296399,0.6783327345837522,55.86358681455015
5.764664698040468,1.0164659210021507,55.6932261406233
7.812348683664724,1.3775278556323514,56.44527991826951
9.747574084781558,1.7187603076016107,56.134041921695854
11.875676613433978,2.0940022011169415,56.73256084256073
18.10673843915717,3.192706519454487,73.74247519697573
20.901634987184135,3.685522189160593,74.01715058725055
23.43281955421931,4.131838321481769,73.23135175472682
25.935454840176817,4.573120445269121,72.35633180051495
28.775407246987605,5.073880678517806,72.32034065620942
31.243477163746167,5.509067995117236,71.25654569612287
26.334389547338905,4.643463397682829,54.82643682424919
27.74035409101817,4.891372880652948,52.97685557153562
29.54423259036624,5.2094453300079095,51.96152422706632
30.268378793468333,5.337131843592401,49.18678957707271
31.94045539250913,5.631964061814543,48.084179208192424
33.57361746670413,5.919934599364921,46.92298567374695
10.307239300237923,1.8174443852505842,13.396182811314272
9.495333323392334,1.6742834557342445,11.49066664678467
9.884475133799452,1.7428996562307575,11.147172382160914
10.261574233842707,1.809392401969264,10.790097005079767
11.334582598780118,1.9985927272336046,11.114533927343956
10.977821786115632,1.9356861703013775,10.036959095382873
11.316097601032332,1.995333323392335,9.64181414529809
11.64058649413339,2.052549470186276,9.234922129884874
11.950893125686234,2.107264901621803,8.816778784387097
12.246639434859391,2.1594129553739783,8.387893552061202
12.527465100331364,2.2089300970720966,7.948788963498074
12.793027979286647,2.255755997706529,7.500000000000002
13.043004524264067,2.2998336071303314,7.042073441788363
13.277090177349496,2.3411092235660544,6.5755672018361615
13.494999741232785,2.379532559033093,6.101049646137003
13.696467726676737,2.415056800615842,5.619098901238679
13.881248675974849,2.4476386674980217,5.130302149885033
14.049117462003728,2.4772384636936895,4.635254915624212
14.199869562505802,2.5038201264106794,4.134560337254987
14.333321309268188,2.5273512699875615,3.628828433995015
14.449310111894121,2.5478032253505827,3.1186753622663916
14.547694655894313,2.5651510749425155,2.604722665003956
14.62835507485687,2.579373683080863,2.087596514400982
14.691193096486073,2.5904537217084336,1.5679269490148018
14.736132162332023,2.5983776915049086,1.0463471061618785
16.731533190540695,2.9502207301115106,0.5932914439425183
17.726539554219745,3.125667198004746,1.102182119232618e-15
16.731533190540695,2.9502207301115106,-0.5932914439425162
17.683358594798424,3.11805322980589,-1.2556165273942559
0.0,0.0,-0.0
0.0,0.0,-0.0
0.0,0.0,-0.0
0.0,0.0,56.0
1.9116641021166463,0.4063367486139244,55.96588631306936
3.820999135994145,0.8121784384910408,55.86358681455015
5.725678871004231,1.2170306140473532,55.6932261406233
7.7595145830739884,1.6493357400066022,56.44527991826951
9.85150580468892,2.0940022011169415,57.118849674708066
15.659360758418309,3.328499880759866,75.31736525650304
18.220919774425766,3.8729760577172563,74.71277092325172
20.760279406405616,4.412733609934546,74.01715058725055
23.274345835804656,4.947114925977635,73.23135175472682
26.094602242537547,5.54657893082063,73.29602442130086
28.58080216436941,6.075037037829488,72.32034065620942
31.03218078129907,6.59609364799547,71.25654569612287
33.87454315155038,7.200256420436343,71.0047296576342
28.011961447857928,5.954126210989895,53.85980316439455
28.855354221647264,6.1333948791239,51.095498823281886
30.582016156647644,6.5004082031940875,50.034837673229134
32.27141861575962,6.8595017811798105,48.91321678074746
33.34656258804264,7.088030687228538,46.92298567374695
34.92805210733361,7.424186661766203,45.70462370918987
10.688599689337208,2.2719319990327835,13.022755533022627
9.817627457812106,2.086801136189741,11.147172382160914
10.19217627591185,2.1664139451425934,10.790097005079767
10.554307497203796,2.2433873124137755,10.419875556884959
10.903579920576838,2.317627457812106,10.036959095382873
11.239568011384389,2.3890439311562335,9.64181414529809
11.5618624198928,2.457549722474255,9.234922129884874
11.870070480010945,2.5230613680119554,8.816778784387097
12.163816687693387,2.5854990519205434,8.387893552061202
12.4427431584342,2.644786703499965,7.948788963498074
12.706510063294107,2.700852089879331,7.500000000000002
12.954796042929727,2.753626904021551,7.042073441788363
13.187298599120389,2.803046847944929,6.5755672018361615
13.403734463315649,2.8490517110603535,6.101049646137003
13.603839941754373,2.8915854435286237,5.619098901238679
13.787371236734971,2.930596224548546,5.130302149885033
13.95410474364534,2.966036525492599,4.635254915624212
14.103837323390636,2.9978631678132412,4.134560337254987
14.236386549886971,3.0260373756493237,3.628828433995015
14.351590932319507,3.0505248230685016,3.1186753622663916
16.375884793480004,3.4808017660065103,2.952019020337817
14.529425032842996,3.0883246280234555,2.087596514400982
17.51020570497084,3.7219091187834077,1.8815123388177621
17.563767882119002,3.7332941109935813,1.2556165273942541
17.59593131359384,3.740130659399383,0.6281909406450195
0.0,0.0,0.0
0.0,0.0,-0.0
0.0,0.0,-0.0
0.0,0.0,-0.0
0.0,0.0,-0.0
0.0,0.0,-0.0
0.0,0.0,56.0
1.8963186199787156,0.4728053342736297,55.96588631306936
3.8580112761784866,0.9619102464360529,56.86115086480998
5.781140707419693,1.441400266736365,56.687748035991575
7.832265774299499,1.9528031832430923,57.435547987011084
9.772424910618572,2.436539185899477,57.118849674708066
15.533658528333193,3.8729760577172567,75.31736525650304
18.074655167256793,4.506517674931312,74.71277092325172
20.593630623046284,5.134568794534297,74.01715058725055
23.087515912127213,5.756364232980833,73.23135175472682
25.885133302797612,6.453888589716034,73.29602442130086
28.351375776849004,7.068791900298292,72.32034065620942
30.78307646671096,7.675082976813958,71.25654569612287
0.0,0.0,0.0
26.876048807776517,6.700951573558767,52.09390797867669
28.623723925141892,7.136695920190197,51.095498823281886
30.33652544405115,7.56374530216661,50.034837673229134
31.46978409528883,7.846298418384456,48.084179208192424
33.07888005951181,8.247491101527194,46.92298567374695
34.64767450379315,8.638635487191337,45.70462370918987
36.17425609375671,9.01925502619412,44.43057770090073
11.037327650397927,2.7519148597995313,12.633462033115702
10.110360721173194,2.5207960466342527,10.790097005079767
10.469585010132327,2.610360721173195,10.419875556884959
10.816053722472553,2.696745073268632,10.036959095382873
11.1493447394373,2.7798438568940247,9.64181414529809
11.469051997261944,2.8595558289819136,9.234922129884874
11.774785981899951,2.9357838727729955,8.816778784387097
12.066174203585751,3.0084351161379415,8.387893552061202
12.342861650656134,3.0774210447277786,7.948788963498074
12.604511222077274,3.1426576098149854,7.500000000000002
12.85080413815043,3.2040653306939286,7.042073441788363
13.081440328895878,3.26156939151585,6.5755672018361615
13.296138799641975,3.3150997324404594,6.101049646137003
13.494637973373882,3.3645911349930575,5.619098901238679
13.67669600942486,3.4099833015231997,5.130302149885033
13.842091098121877,3.4512209286680973,4.635254915624212
13.990621731026508,3.488253774731243,4.134560337254987
14.122106946441953,3.521036720894181,3.628828433995015
17.083663859864362,4.259435791424205,3.74241043471967
15.288876063219401,3.811944934559404,2.7783708426708866
14.412793124512955,3.5935129251267415,2.087596514400982
14.47470517145609,3.6089493321430064,1.5679269490148018
14.518982019805213,3.6199887903140833,1.0463471061618785
15.515274373376997,3.8683923730780685,0.5583919472400173
14.554435894139948,3.628828433995016,9.18485099360515e-16
15.515274373376997,3.8683923730780685,-0.5583919472400153
15.486914154458892,3.861321376335022,-1.1161035799060053
0.0,0.0,-0.0
0.0,0.0,-0.0
0.0,0.0,-0.0
0.0,0.0,56.0
1.8786627657078314,0.5386978794636011,55.96588631306936
3.822090896475418,1.0959669285150717,56.86115086480998
5.727314848845978,1.6422811056944886,56.687748035991575
7.8931244924141755,2.2633170274195975,58.42581605575265
12.852943315574821,3.6855221891605936,75.83019698194002
15.389030928107971,4.412733609934546,75.31736525650304
17.906369376953712,5.134568794534297,74.71277092325172
20.666851305094994,5.926124249899386,74.97841228318887
23.169603606756663,6.643776924098106,74.18240827102197
25.64412731542734,7.3533351795101956,73.29602442130086
28.087407605139155,8.053934528700502,72.32034065620942
31.278428425864195,8.968945024903691,73.08363661140807
0.0,0.0,0.0
0.0,0.0,0.0
28.357220030180404,8.131301996601474,51.095498823281886
30.054074348184603,8.617867142594086,50.034837673229134
31.71431240607081,9.093932744954122,48.91321678074746
32.77089601103933,9.396903218347251,46.92298567374695
34.91689583983036,10.012258767092272,46.492634462796595
35.83745225329441,10.276224070983766,44.43057770090073
37.3061580454196,10.697368679912898,43.10239987768887
38.72941203053955,11.105480192908878,41.72170841964177
12.446528335730344,3.568984568986931,12.50385066826195
12.858419794791347,3.6870925443061364,12.044350914459448
12.518276069463456,3.5895579005735523,10.92738936467117
13.634721961733346,3.9096936086313185,11.081906555861849
11.665155720836752,3.3449295771078993,8.816778784387097
11.953830944862698,3.4277058655802297,8.387893552061202
12.22794226722883,3.506306022452963,7.948788963498074
12.487155725512451,3.580634285542375,7.500000000000002
12.731155508043425,3.6506000973092845,7.042073441788363
14.68759691716162,4.211600643881387,7.452309495414317
15.806812606744936,4.532530578538265,7.321259575364404
16.04279384077496,4.600197108522043,6.742918681486415
14.452648357078173,4.144230228386782,5.472322293210701
14.6274271965931,4.194347254145966,4.944271909999159
16.632432865407836,4.769273378098845,4.961472404705985
17.721454192633576,5.081545218673758,4.596516016393686
16.92460478806876,4.8530523287701435,3.74241043471967
14.199869562505803,4.071747075425481,2.604722665003956
14.278601447881284,4.0943230802689925,2.087596514400982
14.339937056842466,4.111910783121318,1.5679269490148018
14.383801661397856,4.12448875607571,1.0463471061618785
14.410141819283627,4.132041674809614,0.5234924505375163
14.418925439074783,4.134560337254987,9.18485099360515e-16
15.370817940569202,4.407511119796921,-0.5583919472400153
15.342721772157711,4.3994546731474236,-1.1161035799060053
0.0,0.0,-0.0
0.0,0.0,-0.0
0.0,0.0,-0.0
0.0,0.0,56.0
1.8587180502427472,0.6039341042674933,55.96588631306936
3.7815138877629626,1.2286883437124585,56.86115086480998
5.6665111393541645,1.8411610780993348,56.687748035991575
10.191834311202662,3.3115277084520804,76.25064129310091
9.743804623861845,3.1659540385379787,58.10365742772027
15.22565416419534,4.947114925977635,75.31736525650304
17.716267433829564,5.756364232980832,74.71277092325172
20.447442863961587,6.643776924098106,74.97841228318887
22.923624839406447,7.4483372193770485,74.18240827102197
25.37187790909821,8.243822863082576,73.29602442130086
27.789219253795917,9.029264678493,72.32034065620942
0.0,0.0,0.0
0.0,0.0,0.0
0.0,0.0,0.0
28.531695488854602,9.27050983124842,51.96152422706632
30.238990161559368,9.825243497683713,50.88288576938556
31.37761922799978,10.195206508073488,48.91321678074746
33.54101966249684,10.898137920080412,48.54101966249685
33.9606737605406,11.034491802139685,45.70462370918987
36.068313342383966,11.71930541484068,45.196622144019706
37.54648038237705,12.199591000456726,43.84554470316626
38.31824344979212,12.450352021885008,41.72170841964177
39.67970266346668,12.892716936025638,40.29018548662184
40.99281827163543,13.319374060550514,38.80957516881378
13.11392806919993,4.2609735246646245,11.57017697435771
13.489969718309897,4.3831568630643565,11.081906555861849
13.84957591728864,4.5,10.580134541264517
14.192308541375795,4.611360580107505,10.065472262473442
15.324291691644092,4.9791642014334485,10.068466020430893
14.825503863833973,4.817098211936713,9.000000000000002
15.115195111240846,4.911224604045486,8.450488130146036
13.676862952641772,4.443882155991455,7.013938348625239
13.90133376676534,4.516817144729638,6.507786289212803
13.227063700341017,4.297733519568105,5.619098901238679
14.29921264500654,4.646095828985258,5.472322293210701
13.567627457812105,4.4083893921935475,4.635254915624212
13.71321299680603,4.455693001299358,4.134560337254987
13.842091098121877,4.4975680348299765,3.628828433995015
13.954104743645338,4.5339634745074004,3.1186753622663916
14.049117462003728,4.564834978094671,2.604722665003956
14.127013494835312,4.590144933420058,2.087596514400982
14.187697937823048,4.609862504201696,1.5679269490148018
14.231096856320878,4.623963667616848,1.0463471061618785
14.257157375431705,4.632431243570009,0.5234924505375163
15.216904260722456,4.944271909999158,9.797174393178826e-16
15.207634533793819,4.941259993141343,-0.5583919472400153
15.17983664674227,4.932227912124637,-1.1161035799060053
0.0,0.0,-0.0
0.0,0.0,-0.0
0.0,0.0,-0.0
0.0,0.0,59.0
2.5251995630771376,0.9190974765420975,76.95309368047037
5.04732255946384,1.8370751743851417,76.81243187000646
7.563296170792274,2.7528146791079346,76.57818594335704
10.07005507077306,3.6652003031828295,76.25064129310091
12.564545159823181,4.573120445269121,75.83019698194002
15.239100367652442,5.54657893082063,76.29551285723684
17.731913167920645,6.453888589716034,75.68306664952773
0.0,0.0,0.0
0.0,0.0,0.0
0.0,0.0,0.0
0.0,0.0,0.0
0.0,0.0,0.0
0.0,0.0,0.0
0.0,0.0,0.0
0.0,0.0,0.0
0.0,0.0,0.0
32.05363614422577,11.666569456497463,50.571291925857544
32.58791038697521,11.861029377793376,47.7320026681219
34.13342017067552,12.423548935827485,46.492634462796595
35.03332086619311,12.75108600279134,44.43057770090073
37.097848495107755,13.502512607536449,43.84554470316626
37.860389991874044,13.780055014752179,41.72170841964177
39.20558152851868,14.269664693477639,40.29018548662184
40.503007103227674,14.741888983847431,38.80957516881378
41.75108600279135,15.196152553304326,37.28168136181928
42.9482976353224,15.631901951662877,35.70836556888818
44.093183382862904,16.04860628540323,34.09154463296344
12.464647828547758,4.536760790202238,8.947086455531949
12.750472608475713,4.640792502311701,8.478708227731278
47.20026551826367,17.17949169810938,29.000000000000007
13.275189400803427,4.83177379613863,7.511545004574254
12.66885199370453,4.611085028032482,6.5755672018361615
12.876778879488565,4.686764225361539,6.101049646137003
13.069017393723675,4.756733322422678,5.619098901238679
13.245333323392334,4.820907072649044,5.130302149885033
13.405511854693632,4.879207290211194,4.635254915624212
13.549357834760789,4.9315629452744885,4.134560337254987
13.676696009424864,4.977910250538002,3.628828433995015
13.787371236734971,5.018192738949527,3.1186753622663916
13.88124867597485,5.052361332501977,2.604722665003956
13.958213951945496,5.080374402027376,2.087596514400982
14.018173294313726,5.102197817915588,1.5679269490148018
14.998457228647357,5.458991991142395,1.1161035799060037
15.025922966895529,5.468988702326875,0.5583919472400173
15.035081932574535,5.472322293210699,9.797174393178826e-16
0.0,0.0,-0.0
0.0,0.0,-0.0
0.0,0.0,-0.0
0.0,0.0,-0.0
0.0,0.0,-0.0
0.0,0.0,76.0
1.9091367426288783,0.7713413127275708,58.96405879412665
4.980134867944005,2.012105094845483,76.81243187000646
7.462616968302326,3.015092968556589,76.57818594335704
9.936007019412793,4.014407415924976,76.25064129310091
12.558295363202378,5.073880678517806,76.81500473495223
15.036244306348843,6.075037037829488,76.29551285723684
17.4958739019639,7.068791900298293,75.68306664952773
0.0,0.0,0.0
0.0,0.0,0.0
0.0,0.0,0.0
0.0,0.0,0.0
0.0,0.0,0.0
0.0,0.0,0.0
0.0,0.0,0.0
0.0,0.0,0.0
0.0,0.0,0.0
0.0,0.0,0.0
0.0,0.0,0.0
33.67905140824242,13.607220030180407,46.492634462796595
35.162955323399295,14.206756128523251,45.196622144019706
35.98361149912024,14.538322745908099,43.10239987768887
38.000485506226134,15.353192738984122,42.44104821998042
39.350654680456344,15.898696494687323,40.98484385708084
40.65288114346208,16.4248301377182,39.478705775172635
41.195314293350286,16.643987356035407,37.28168136181928
11.690093567506553,4.723104383739516,9.850583605210533
12.001719924073612,4.849009604454066,9.40456403667957
11.530053781534145,4.658444113029618,8.387893552061202
11.79444753978511,4.765266125310129,7.948788963498074
12.044471580504213,4.866282394849923,7.500000000000002
12.279821287911096,4.961369848884934,7.042073441788363
12.500209924640119,5.050412637999517,6.5755672018361615
12.705368981085698,5.133302277271126,6.101049646137003
12.895048502539883,5.209937778442479,5.619098901238679
13.069017393723673,5.280225772960193,5.130302149885033
13.227063700341017,5.344080625729984,4.635254915624212
13.368994867312466,5.401424539449838,4.134560337254987
13.494637973373884,5.452187649394039,3.628828433995015
13.603839941754373,5.4963081085325785,3.1186753622663916
13.696467726676737,5.533732162882232,2.604722665003956
14.690569040483481,5.935375164797342,2.2267696153610474
14.753674310377965,5.960871348823119,1.6724554122824553
14.798804500754564,5.979105129312198,1.1161035799060037
0.0,0.0,0.0
0.0,0.0,0.0
0.0,0.0,-0.0
0.0,0.0,-0.0
0.0,0.0,-0.0
0.0,0.0,-0.0
0.0,0.0,-0.0
0.0,0.0,77.0
2.454935304866867,1.0930076183033857,76.95309368047037
4.906879649218548,2.1846835751887856,76.81243187000646
0.0,0.0,0.0
0.0,0.0,0.0
0.0,0.0,0.0
0.0,0.0,0.0
0.0,0.0,0.0
0.0,0.0,0.0
0.0,0.0,0.0
0.0,0.0,0.0
0.0,0.0,0.0
0.0,0.0,0.0
0.0,0.0,0.0
0.0,0.0,0.0
0.0,0.0,0.0
0.0,0.0,0.0
0.0,0.0,0.0
0.0,0.0,0.0
0.0,0.0,0.0
0.0,0.0,0.0
0.0,0.0,0.0
0.0,0.0,0.0
0.0,0.0,0.0
0.0,0.0,0.0
0.0,0.0,0.0
0.0,0.0,0.0
11.825180805870446,5.2649097037334345,9.40456403667957
12.117816137963304,5.395199347915965,8.947086455531949
12.395687777698539,5.518915772759811,8.478708227731278
12.658457181285971,5.635908248858351,8.000000000000002
12.905804204683859,5.746034238900773,7.511545004574254
13.137427493645081,5.849159571331817,7.013938348625239
13.353044850870864,5.945158603819154,6.507786289212803
13.552393579824743,6.033914376329217,5.993705494654591
13.735230804787802,6.1153187536249805,5.472322293210701
13.90133376676534,6.189272557012093,4.944271909999159
14.050500094884386,6.255685685172838,4.410197693071987
14.18254805295144,6.314477223940709,3.870750329594683
0.0,0.0,0.0
0.0,0.0,0.0
0.0,0.0,0.0
0.0,0.0,0.0
0.0,0.0,0.0
0.0,0.0,0.0
0.0,0.0,0.0
0.0,0.0,-0.0
0.0,0.0,-0.0
0.0,0.0,-0.0
0.0,0.0,-0.0
0.0,0.0,-0.0
0.0,0.0,77.0
2.415294408838487,1.1780177941714471,76.95309368047037
4.827646153487387,2.354600355120427,76.81243187000646
7.422015275847682,3.6199587228645553,78.56722973409359
0.0,0.0,0.0
0.0,0.0,0.0
0.0,0.0,0.0
0.0,0.0,0.0
0.0,0.0,0.0
0.0,0.0,0.0
0.0,0.0,0.0
0.0,0.0,0.0
0.0,0.0,0.0
0.0,0.0,0.0
0.0,0.0,0.0
0.0,0.0,0.0
0.0,0.0,0.0
0.0,0.0,0.0
0.0,0.0,0.0
0.0,0.0,0.0
0.0,0.0,0.0
36.68604691670549,17.892980626933408,45.33183435412105
0.0,0.0,0.0
0.0,0.0,0.0
0.0,0.0,0.0
0.0,0.0,0.0
11.332149980183067,5.527058843851261,9.850583605210533
11.634234526384791,5.674395321535973,9.40456403667957
11.922144549932563,5.8148184225949855,8.947086455531949
12.195529276811829,5.94815706311018,8.478708227731278
12.454055629844568,6.074248790487331,8.000000000000002
12.69740863449255,6.192939981379571,7.511545004574254
12.925291802605267,6.304086028853776,7.013938348625239
13.137427493645081,6.4075515185718315,6.507786289212803
13.333557252949461,6.503210393772156,5.993705494654591
13.513442126618164,6.590946108850436,5.472322293210701
13.676862952641772,6.670651771352501,4.944271909999159
13.823620627916819,6.742230272206308,4.410197693071987
15.697728394675055,7.656293704538688,4.354594120794018
0.0,0.0,0.0
0.0,0.0,0.0
0.0,0.0,0.0
0.0,0.0,0.0
0.0,0.0,0.0
0.0,0.0,0.0
0.0,0.0,0.0
0.0,0.0,-0.0
0.0,0.0,-0.0
0.0,0.0,-0.0
0.0,0.0,-0.0
0.0,0.0,-0.0
0.0,0.0,78.0
2.403525275225981,1.2779770580744056,77.95248450748947
0.0,0.0,0.0
0.0,0.0,0.0
0.0,0.0,0.0
0.0,0.0,0.0
0.0,0.0,0.0
0.0,0.0,0.0
0.0,0.0,0.0
0.0,0.0,0.0
0.0,0.0,0.0
0.0,0.0,0.0
0.0,0.0,0.0
0.0,0.0,0.0
0.0,0.0,0.0
0.0,0.0,0.0
0.0,0.0,0.0
0.0,0.0,0.0
0.0,0.0,0.0
0.0,0.0,0.0
0.0,0.0,0.0
0.0,0.0,0.0
0.0,0.0,0.0
0.0,0.0,0.0
0.0,0.0,0.0
0.0,0.0,0.0
0.0,0.0,0.0
0.0,0.0,0.0
0.0,0.0,0.0
0.0,0.0,0.0
0.0,0.0,0.0
0.0,0.0,0.0
0.0,0.0,0.0
0.0,0.0,0.0
0.0,0.0,0.0
0.0,0.0,0.0
0.0,0.0,0.0
0.0,0.0,0.0
0.0,0.0,0.0
0.0,0.0,0.0
0.0,0.0,0.0
0.0,0.0,0.0
0.0,0.0,0.0
0.0,0.0,0.0
0.0,0.0,0.0
0.0,0.0,0.0
0.0,0.0,-0.0
0.0,0.0,-0.0
0.0,0.0,-0.0
0.0,0.0,-0.0
0.0,0.0,-0.0
0.0,0.0,79.0
2.38768420716891,1.378530119748788,78.95187533450857
4.893281145607612,2.8251371866370745,80.80268807104576
0.0,0.0,0.0
0.0,0.0,0.0
0.0,0.0,0.0
0.0,0.0,0.0
0.0,0.0,0.0
0.0,0.0,0.0
0.0,0.0,0.0
0.0,0.0,0.0
0.0,0.0,0.0
0.0,0.0,0.0
0.0,0.0,0.0
0.0,0.0,0.0
0.0,0.0,0.0
0.0,0.0,0.0
0.0,0.0,0.0
0.0,0.0,0.0
0.0,0.0,0.0
0.0,0.0,0.0
0.0,0.0,0.0
0.0,0.0,0.0
0.0,0.0,0.0
0.0,0.0,0.0
0.0,0.0,0.0
0.0,0.0,0.0
0.0,0.0,0.0
0.0,0.0,0.0
0.0,0.0,0.0
0.0,0.0,0.0
0.0,0.0,0.0
0.0,0.0,0.0
0.0,0.0,0.0
0.0,0.0,0.0
0.0,0.0,0.0
0.0,0.0,0.0
0.0,0.0,0.0
0.0,0.0,0.0
0.0,0.0,0.0
0.0,0.0,0.0
0.0,0.0,0.0
0.0,0.0,0.0
0.0,0.0,0.0
0.0,0.0,0.0
0.0,0.0,0.0
0.0,0.0,-0.0
0.0,0.0,-0.0
0.0,0.0,-0.0
0.0,0.0,-0.0
0.0,0.0,-0.0
0.0,0.0,0.0
0.0,0.0,0.0
0.0,0.0,0.0
0.0,0.0,0.0
0.0,0.0,0.0
0.0,0.0,0.0
0.0,0.0,0.0
0.0,0.0,0.0
0.0,0.0,0.0
0.0,0.0,0.0
0.0,0.0,0.0
0.0,0.0,0.0
0.0,0.0,0.0
0.0,0.0,0.0
0.0,0.0,0.0
0.0,0.0,0.0
0.0,0.0,0.0
0.0,0.0,0.0
0.0,0.0,0.0
0.0,0.0,0.0
0.0,0.0,0.0
0.0,0.0,0.0
0.0,0.0,0.0
0.0,0.0,0.0
0.0,0.0,0.0
0.0,0.0,0.0
0.0,0.0,0.0
0.0,0.0,0.0
0.0,0.0,0.0
0.0,0.0,0.0
0.0,0.0,0.0
0.0,0.0,0.0
0.0,0.0,0.0
0.0,0.0,0.0
0.0,0.0,0.0
0.0,0.0,0.0
0.0,0.0,0.0
0.0,0.0,0.0
0.0,0.0,0.0
0.0,0.0,0.0
0.0,0.0,0.0
0.0,0.0,0.0
0.0,0.0,0.0
0.0,0.0,0.0
0.0,0.0,0.0
0.0,0.0,0.0
0.0,0.0,-0.0
0.0,0.0,-0.0
0.0,0.0,-0.0
0.0,0.0,-0.0
0.0,0.0,-0.0
0.0,0.0,0.0
0.0,0.0,0.0
0.0,0.0,0.0
0.0,0.0,0.0
0.0,0.0,0.0
0.0,0.0,0.0
0.0,0.0,0.0
0.0,0.0,0.0
0.0,0.0,0.0
0.0,0.0,0.0
0.0,0.0,0.0
0.0,0.0,0.0
0.0,0.0,0.0
0.0,0.0,0.0
0.0,0.0,0.0
0.0,0.0,0.0
0.0,0.0,0.0
0.0,0.0,0.0
0.0,0.0,0.0
0.0,0.0,0.0
0.0,0.0,0.0
0.0,0.0,0.0
0.0,0.0,0.0
0.0,0.0,0.0
0.0,0.0,0.0
0.0,0.0,0.0
0.0,0.0,0.0
0.0,0.0,0.0
0.0,0.0,0.0
0.0,0.0,0.0
0.0,0.0,0.0
0.0,0.0,0.0
0.0,0.0,0.0
0.0,0.0,0.0
0.0,0.0,0.0
0.0,0.0,0.0
0.0,0.0,0.0
0.0,0.0,0.0
0.0,0.0,0.0
0.0,0.0,0.0
0.0,0.0,0.0
0.0,0.0,0.0
0.0,0.0,0.0
0.0,0.0,0.0
0.0,0.0,0.0
0.0,0.0,0.0
0.0,0.0,-0.0
0.0,0.0,-0.0
0.0,0.0,-0.0
0.0,0.0,-0.0
0.0,0.0,-0.0
0.0,0.0,0.0
0.0,0.0,0.0
0.0,0.0,0.0
0.0,0.0,0.0
0.0,0.0,0.0
0.0,0.0,0.0
0.0,0.0,0.0
0.0,0.0,0.0
0.0,0.0,0.0
0.0,0.0,0.0
0.0,0.0,0.0
0.0,0.0,0.0
0.0,0.0,0.0
0.0,0.0,0.0
0.0,0.0,0.0
0.0,0.0,0.0
0.0,0.0,0.0
0.0,0.0,0.0
0.0,0.0,0.0
0.0,0.0,0.0
0.0,0.0,0.0
0.0,0.0,0.0
0.0,0.0,0.0
0.0,0.0,0.0
0.0,0.0,0.0
0.0,0.0,0.0
0.0,0.0,0.0
0.0,0.0,0.0
0.0,0.0,0.0
0.0,0.0,0.0
0.0,0.0,0.0
0.0,0.0,0.0
0.0,0.0,0.0
0.0,0.0,0.0
0.0,0.0,0.0
0.0,0.0,0.0
0.0,0.0,0.0
0.0,0.0,0.0
0.0,0.0,0.0
0.0,0.0,0.0
0.0,0.0,0.0
0.0,0.0,0.0
0.0,0.0,0.0
0.0,0.0,0.0
0.0,0.0,0.0
0.0,0.0,0.0
0.0,0.0,-0.0
0.0,0.0,-0.0
0.0,0.0,-0.0
0.0,0.0,-0.0
0.0,0.0,-0.0
0.0,0.0,0.0
0.0,0.0,0.0
0.0,0.0,0.0
0.0,0.0,0.0
0.0,0.0,0.0
0.0,0.0,0.0
0.0,0.0,0.0
0.0,0.0,0.0
0.0,0.0,0.0
0.0,0.0,0.0
0.0,0.0,0.0
0.0,0.0,0.0
0.0,0.0,0.0
0.0,0.0,0.0
0.0,0.0,0.0
0.0,0.0,0.0
0.0,0.0,0.0
0.0,0.0,0.0
0.0,0.0,0.0
0.0,0.0,0.0
0.0,0.0,0.0
0.0,0.0,0.0
0.0,0.0,0.0
0.0,0.0,0.0
0.0,0.0,0.0
0.0,0.0,0.0
0.0,0.0,0.0
0.0,0.0,0.0
0.0,0.0,0.0
0.0,0.0,0.0
0.0,0.0,0.0
0.0,0.0,0.0
0.0,0.0,0.0
0.0,0.0,0.0
0.0,0.0,0.0
0.0,0.0,0.0
0.0,0.0,0.0
0.0,0.0,0.0
0.0,0.0,0.0
0.0,0.0,0.0
0.0,0.0,0.0
0.0,0.0,0.0
0.0,0.0,0.0
0.0,0.0,0.0
0.0,0.0,0.0
0.0,0.0,0.0
0.0,0.0,-0.0
0.0,0.0,-0.0
0.0,0.0,-0.0
0.0,0.0,-0.0
0.0,0.0,-0.0
0.0,0.0,0.0
0.0,0.0,0.0
0.0,0.0,0.0
0.0,0.0,0.0
0.0,0.0,0.0
0.0,0.0,0.0
0.0,0.0,0.0
0.0,0.0,0.0
0.0,0.0,0.0
0.0,0.0,0.0
0.0,0.0,0.0
0.0,0.0,0.0
0.0,0.0,0.0
0.0,0.0,0.0
0.0,0.0,0.0
0.0,0.0,0.0
0.0,0.0,0.0
0.0,0.0,0.0
0.0,0.0,0.0
0.0,0.0,0.0
0.0,0.0,0.0
0.0,0.0,0.0
0.0,0.0,0.0
0.0,0.0,0.0
0.0,0.0,0.0
0.0,0.0,0.0
0.0,0.0,0.0
0.0,0.0,0.0
0.0,0.0,0.0
0.0,0.0,0.0
0.0,0.0,0.0
0.0,0.0,0.0
0.0,0.0,0.0
0.0,0.0,0.0
0.0,0.0,0.0
0.0,0.0,0.0
0.0,0.0,0.0
0.0,0.0,0.0
0.0,0.0,0.0
0.0,0.0,0.0
0.0,0.0,0.0
0.0,0.0,0.0
0.0,0.0,0.0
0.0,0.0,0.0
0.0,0.0,0.0
0.0,0.0,0.0
0.0,0.0,-0.0
0.0,0.0,-0.0
0.0,0.0,-0.0
0.0,0.0,-0.0
0.0,0.0,-0.0
0.0,0.0,0.0
0.0,0.0,0.0
0.0,0.0,0.0
0.0,0.0,0.0
0.0,0.0,0.0
0.0,0.0,0.0
0.0,0.0,0.0
0.0,0.0,0.0
0.0,0.0,0.0
0.0,0.0,0.0
0.0,0.0,0.0
0.0,0.0,0.0
0.0,0.0,0.0
0.0,0.0,0.0
0.0,0.0,0.0
0.0,0.0,0.0
0.0,0.0,0.0
0.0,0.0,0.0
0.0,0.0,0.0
0.0,0.0,0.0
0.0,0.0,0.0
0.0,0.0,0.0
0.0,0.0,0.0
0.0,0.0,0.0
0.0,0.0,0.0
0.0,0.0,0.0
0.0,0.0,0.0
0.0,0.0,0.0
0.0,0.0,0.0
0.0,0.0,0.0
0.0,0.0,0.0
0.0,0.0,0.0
0.0,0.0,0.0
0.0,0.0,0.0
0.0,0.0,0.0
0.0,0.0,0.0
0.0,0.0,0.0
0.0,0.0,0.0
0.0,0.0,0.0
0.0,0.0,0.0
0.0,0.0,0.0
0.0,0.0,0.0
0.0,0.0,0.0
0.0,0.0,0.0
0.0,0.0,0.0
0.0,0.0,0.0
0.0,0.0,-0.0
0.0,0.0,-0.0
0.0,0.0,-0.0
0.0,0.0,-0.0
0.0,0.0,-0.0
0.0,0.0,0.0
0.0,0.0,0.0
0.0,0.0,0.0
0.0,0.0,0.0
0.0,0.0,0.0
0.0,0.0,0.0
0.0,0.0,0.0
0.0,0.0,0.0
0.0,0.0,0.0
0.0,0.0,0.0
0.0,0.0,0.0
0.0,0.0,0.0
0.0,0.0,0.0
0.0,0.0,0.0
0.0,0.0,0.0
0.0,0.0,0.0
0.0,0.0,0.0
0.0,0.0,0.0
0.0,0.0,0.0
0.0,0.0,0.0
0.0,0.0,0.0
0.0,0.0,0.0
0.0,0.0,0.0
0.0,0.0,0.0
0.0,0.0,0.0
0.0,0.0,0.0
0.0,0.0,0.0
0.0,0.0,0.0
0.0,0.0,0.0
0.0,0.0,0.0
0.0,0.0,0.0
0.0,0.0,0.0
0.0,0.0,0.0
0.0,0.0,0.0
0.0,0.0,0.0
0.0,0.0,0.0
0.0,0.0,0.0
0.0,0.0,0.0
0.0,0.0,0.0
0.0,0.0,0.0
0.0,0.0,0.0
0.0,0.0,0.0
0.0,0.0,0.0
0.0,0.0,0.0
0.0,0.0,0.0
0.0,0.0,0.0
0.0,0.0,-0.0
0.0,0.0,-0.0
0.0,0.0,-0.0
0.0,0.0,-0.0
0.0,0.0,-0.0
0.0,0.0,0.0
0.0,0.0,0.0
0.0,0.0,0.0
0.0,0.0,0.0
0.0,0.0,0.0
0.0,0.0,0.0
0.0,0.0,0.0
0.0,0.0,0.0
0.0,0.0,0.0
0.0,0.0,0.0
0.0,0.0,0.0
0.0,0.0,0.0
0.0,0.0,0.0
0.0,0.0,0.0
0.0,0.0,0.0
0.0,0.0,0.0
0.0,0.0,0.0
0.0,0.0,0.0
0.0,0.0,0.0
0.0,0.0,0.0
0.0,0.0,0.0
0.0,0.0,0.0
0.0,0.0,0.0
0.0,0.0,0.0
0.0,0.0,0.0
0.0,0.0,0.0
32.296497694272105,33.444002391686,36.32402704421384
0.0,0.0,0.0
0.0,0.0,0.0
0.0,0.0,0.0
0.0,0.0,0.0
0.0,0.0,0.0
0.0,0.0,0.0
0.0,0.0,0.0
0.0,0.0,0.0
0.0,0.0,0.0
0.0,0.0,0.0
0.0,0.0,0.0
0.0,0.0,0.0
0.0,0.0,0.0
0.0,0.0,0.0
0.0,0.0,0.0
0.0,0.0,0.0
0.0,0.0,0.0
0.0,0.0,0.0
0.0,0.0,0.0
0.0,0.0,-0.0
0.0,0.0,-0.0
0.0,0.0,-0.0
0.0,0.0,-0.0
0.0,0.0,-0.0
0.0,0.0,0.0
0.0,0.0,0.0
0.0,0.0,0.0
0.0,0.0,0.0
0.0,0.0,0.0
0.0,0.0,0.0
0.0,0.0,0.0
0.0,0.0,0.0
0.0,0.0,0.0
0.0,0.0,0.0
0.0,0.0,0.0
0.0,0.0,0.0
0.0,0.0,0.0
0.0,0.0,0.0
0.0,0.0,0.0
0.0,0.0,0.0
0.0,0.0,0.0
0.0,0.0,0.0
0.0,0.0,0.0
0.0,0.0,0.0
0.0,0.0,0.0
0.0,0.0,0.0
0.0,0.0,0.0
0.0,0.0,0.0
0.0,0.0,0.0
0.0,0.0,0.0
0.0,0.0,0.0
0.0,0.0,0.0
0.0,0.0,0.0
0.0,0.0,0.0
0.0,0.0,0.0
0.0,0.0,0.0
0.0,0.0,0.0
0.0,0.0,0.0
0.0,0.0,0.0
0.0,0.0,0.0
0.0,0.0,0.0
0.0,0.0,0.0
0.0,0.0,0.0
0.0,0.0,0.0
0.0,0.0,0.0
0.0,0.0,0.0
0.0,0.0,0.0
0.0,0.0,0.0
0.0,0.0,0.0
0.0,0.0,0.0
0.0,0.0,-0.0
0.0,0.0,-0.0
0.0,0.0,-0.0
0.0,0.0,-0.0
0.0,0.0,-0.0
0.0,0.0,0.0
0.0,0.0,0.0
0.0,0.0,0.0
0.0,0.0,0.0
0.0,0.0,0.0
0.0,0.0,0.0
0.0,0.0,0.0
0.0,0.0,0.0
0.0,0.0,0.0
0.0,0.0,0.0
0.0,0.0,0.0
0.0,0.0,0.0
0.0,0.0,0.0
0.0,0.0,0.0
0.0,0.0,0.0
0.0,0.0,0.0
0.0,0.0,0.0
0.0,0.0,0.0
0.0,0.0,0.0
0.0,0.0,0.0
0.0,0.0,0.0
0.0,0.0,0.0
0.0,0.0,0.0
0.0,0.0,0.0
0.0,0.0,0.0
0.0,0.0,0.0
0.0,0.0,0.0
0.0,0.0,0.0
0.0,0.0,0.0
0.0,0.0,0.0
0.0,0.0,0.0
0.0,0.0,0.0
0.0,0.0,0.0
0.0,0.0,0.0
0.0,0.0,0.0
0.0,0.0,0.0
0.0,0.0,0.0
0.0,0.0,0.0
0.0,0.0,0.0
0.0,0.0,0.0
0.0,0.0,0.0
0.0,0.0,0.0
0.0,0.0,0.0
0.0,0.0,0.0
0.0,0.0,0.0
0.0,0.0,0.0
0.0,0.0,-0.0
0.0,0.0,-0.0
0.0,0.0,-0.0
0.0,0.0,-0.0
0.0,0.0,-0.0
0.0,0.0,0.0
0.0,0.0,0.0
0.0,0.0,0.0
0.0,0.0,0.0
0.0,0.0,0.0
0.0,0.0,0.0
0.0,0.0,0.0
0.0,0.0,0.0
0.0,0.0,0.0
0.0,0.0,0.0
0.0,0.0,0.0
0.0,0.0,0.0
0.0,0.0,0.0
0.0,0.0,0.0
0.0,0.0,0.0
0.0,0.0,0.0
0.0,0.0,0.0
0.0,0.0,0.0
0.0,0.0,0.0
0.0,0.0,0.0
0.0,0.0,0.0
0.0,0.0,0.0
0.0,0.0,0.0
0.0,0.0,0.0
0.0,0.0,0.0
0.0,0.0,0.0
0.0,0.0,0.0
0.0,0.0,0.0
0.0,0.0,0.0
0.0,0.0,0.0
0.0,0.0,0.0
0.0,0.0,0.0
0.0,0.0,0.0
0.0,0.0,0.0
0.0,0.0,0.0
0.0,0.0,0.0
0.0,0.0,0.0
0.0,0.0,0.0
0.0,0.0,0.0
0.0,0.0,0.0
0.0,0.0,0.0
0.0,0.0,0.0
0.0,0.0,0.0
0.0,0.0,0.0
0.0,0.0,0.0
0.0,0.0,0.0
0.0,0.0,-0.0
0.0,0.0,-0.0
0.0,0.0,-0.0
0.0,0.0,-0.0
0.0,0.0,-0.0
0.0,0.0,0.0
0.0,0.0,0.0
0.0,0.0,0.0
0.0,0.0,0.0
0.0,0.0,0.0
0.0,0.0,0.0
0.0,0.0,0.0
0.0,0.0,0.0
0.0,0.0,0.0
0.0,0.0,0.0
0.0,0.0,0.0
0.0,0.0,0.0
0.0,0.0,0.0
0.0,0.0,0.0
0.0,0.0,0.0
0.0,0.0,0.0
0.0,0.0,0.0
0.0,0.0,0.0
0.0,0.0,0.0
0.0,0.0,0.0
0.0,0.0,0.0
0.0,0.0,0.0
0.0,0.0,0.0
0.0,0.0,0.0
0.0,0.0,0.0
0.0,0.0,0.0
0.0,0.0,0.0
0.0,0.0,0.0
0.0,0.0,0.0
0.0,0.0,0.0
0.0,0.0,0.0
0.0,0.0,0.0
0.0,0.0,0.0
0.0,0.0,0.0
0.0,0.0,0.0
0.0,0.0,0.0
0.0,0.0,0.0
0.0,0.0,0.0
0.0,0.0,0.0
0.0,0.0,0.0
0.0,0.0,0.0
0.0,0.0,0.0
0.0,0.0,0.0
0.0,0.0,0.0
0.0,0.0,0.0
0.0,0.0,0.0
0.0,0.0,-0.0
0.0,0.0,-0.0
0.0,0.0,-0.0
0.0,0.0,-0.0
0.0,0.0,-0.0
0.0,0.0,0.0
0.0,0.0,0.0
0.0,0.0,0.0
0.0,0.0,0.0
0.0,0.0,0.0
0.0,0.0,0.0
0.0,0.0,0.0
0.0,0.0,0.0
0.0,0.0,0.0
0.0,0.0,0.0
0.0,0.0,0.0
0.0,0.0,0.0
0.0,0.0,0.0
0.0,0.0,0.0
0.0,0.0,0.0
0.0,0.0,0.0
0.0,0.0,0.0
0.0,0.0,0.0
0.0,0.0,0.0
0.0,0.0,0.0
0.0,0.0,0.0
0.0,0.0,0.0
0.0,0.0,0.0
0.0,0.0,0.0
0.0,0.0,0.0
0.0,0.0,0.0
0.0,0.0,0.0
0.0,0.0,0.0
0.0,0.0,0.0
0.0,0.0,0.0
0.0,0.0,0.0
0.0,0.0,0.0
0.0,0.0,0.0
0.0,0.0,0.0
0.0,0.0,0.0
0.0,0.0,0.0
0.0,0.0,0.0
0.0,0.0,0.0
0.0,0.0,0.0
0.0,0.0,0.0
0.0,0.0,0.0
0.0,0.0,0.0
0.0,0.0,0.0
0.0,0.0,0.0
0.0,0.0,0.0
0.0,0.0,0.0
0.0,0.0,-0.0
0.0,0.0,-0.0
0.0,0.0,-0.0
0.0,0.0,-0.0
0.0,0.0,-0.0
0.0,0.0,0.0
0.0,0.0,0.0
0.0,0.0,0.0
0.0,0.0,0.0
0.0,0.0,0.0
0.0,0.0,0.0
0.0,0.0,0.0
0.0,0.0,0.0
0.0,0.0,0.0
0.0,0.0,0.0
0.0,0.0,0.0
0.0,0.0,0.0
0.0,0.0,0.0
0.0,0.0,0.0
0.0,0.0,0.0
0.0,0.0,0.0
0.0,0.0,0.0
0.0,0.0,0.0
0.0,0.0,0.0
0.0,0.0,0.0
0.0,0.0,0.0
0.0,0.0,0.0
0.0,0.0,0.0
0.0,0.0,0.0
0.0,0.0,0.0
0.0,0.0,0.0
0.0,0.0,0.0
0.0,0.0,0.0
0.0,0.0,0.0
0.0,0.0,0.0
0.0,0.0,0.0
0.0,0.0,0.0
0.0,0.0,0.0
0.0,0.0,0.0
0.0,0.0,0.0
0.0,0.0,0.0
0.0,0.0,0.0
0.0,0.0,0.0
0.0,0.0,0.0
0.0,0.0,0.0
0.0,0.0,0.0
0.0,0.0,0.0
0.0,0.0,0.0
0.0,0.0,0.0
0.0,0.0,0.0
0.0,0.0,0.0
0.0,0.0,-0.0
0.0,0.0,-0.0
0.0,0.0,-0.0
0.0,0.0,-0.0
0.0,0.0,-0.0
0.0,0.0,0.0
0.0,0.0,0.0
0.0,0.0,0.0
0.0,0.0,0.0
0.0,0.0,0.0
0.0,0.0,0.0
0.0,0.0,0.0
0.0,0.0,0.0
0.0,0.0,0.0
0.0,0.0,0.0
0.0,0.0,0.0
0.0,0.0,0.0
0.0,0.0,0.0
0.0,0.0,0.0
0.0,0.0,0.0
0.0,0.0,0.0
0.0,0.0,0.0
0.0,0.0,0.0
0.0,0.0,0.0
0.0,0.0,0.0
0.0,0.0,0.0
0.0,0.0,0.0
0.0,0.0,0.0
0.0,0.0,0.0
0.0,0.0,0.0
0.0,0.0,0.0
0.0,0.0,0.0
0.0,0.0,0.0
0.0,0.0,0.0
0.0,0.0,0.0
0.0,0.0,0.0
0.0,0.0,0.0
0.0,0.0,0.0
0.0,0.0,0.0
0.0,0.0,0.0
0.0,0.0,0.0
0.0,0.0,0.0
0.0,0.0,0.0
0.0,0.0,0.0
0.0,0.0,0.0
0.0,0.0,0.0
0.0,0.0,0.0
0.0,0.0,0.0
0.0,0.0,0.0
0.0,0.0,0.0
0.0,0.0,0.0
0.0,0.0,-0.0
0.0,0.0,-0.0
0.0,0.0,-0.0
0.0,0.0,-0.0
0.0,0.0,-0.0
0.0,0.0,0.0
0.0,0.0,0.0
0.0,0.0,0.0
0.0,0.0,0.0
0.0,0.0,0.0
0.0,0.0,0.0
0.0,0.0,0.0
0.0,0.0,0.0
0.0,0.0,0.0
0.0,0.0,0.0
0.0,0.0,0.0
0.0,0.0,0.0
0.0,0.0,0.0
0.0,0.0,0.0
0.0,0.0,0.0
0.0,0.0,0.0
0.0,0.0,0.0
0.0,0.0,0.0
0.0,0.0,0.0
0.0,0.0,0.0
0.0,0.0,0.0
0.0,0.0,0.0
0.0,0.0,0.0
0.0,0.0,0.0
0.0,0.0,0.0
0.0,0.0,0.0
0.0,0.0,0.0
0.0,0.0,0.0
0.0,0.0,0.0
0.0,0.0,0.0
0.0,0.0,0.0
0.0,0.0,0.0
0.0,0.0,0.0
0.0,0.0,0.0
0.0,0.0,0.0
0.0,0.0,0.0
0.0,0.0,0.0
0.0,0.0,0.0
0.0,0.0,0.0
0.0,0.0,0.0
0.0,0.0,0.0
0.0,0.0,0.0
0.0,0.0,0.0
0.0,0.0,0.0
0.0,0.0,0.0
0.0,0.0,0.0
0.0,0.0,-0.0
0.0,0.0,-0.0
0.0,0.0,-0.0
0.0,0.0,-0.0
0.0,0.0,-0.0
0.0,0.0,0.0
0.0,0.0,0.0
0.0,0.0,0.0
0.0,0.0,0.0
0.0,0.0,0.0
0.0,0.0,0.0
0.0,0.0,0.0
0.0,0.0,0.0
0.0,0.0,0.0
0.0,0.0,0.0
0.0,0.0,0.0
0.0,0.0,0.0
0.0,0.0,0.0
0.0,0.0,0.0
0.0,0.0,0.0
0.0,0.0,0.0
0.0,0.0,0.0
0.0,0.0,0.0
0.0,0.0,0.0
0.0,0.0,0.0
0.0,0.0,0.0
0.0,0.0,0.0
0.0,0.0,0.0
0.0,0.0,0.0
0.0,0.0,0.0
0.0,0.0,0.0
0.0,0.0,0.0
0.0,0.0,0.0
0.0,0.0,0.0
0.0,0.0,0.0
0.0,0.0,0.0
0.0,0.0,0.0
0.0,0.0,0.0
0.0,0.0,0.0
0.0,0.0,0.0
0.0,0.0,0.0
0.0,0.0,0.0
0.0,0.0,0.0
0.0,0.0,0.0
0.0,0.0,0.0
0.0,0.0,0.0
0.0,0.0,0.0
0.0,0.0,0.0
0.0,0.0,0.0
0.0,0.0,0.0
0.0,0.0,0.0
0.0,0.0,-0.0
0.0,0.0,-0.0
0.0,0.0,-0.0
0.0,0.0,-0.0
0.0,0.0,-0.0
0.0,0.0,0.0
0.0,0.0,0.0
0.0,0.0,0.0
0.0,0.0,0.0
0.0,0.0,0.0
0.0,0.0,0.0
0.0,0.0,0.0
0.0,0.0,0.0
0.0,0.0,0.0
0.0,0.0,0.0
0.0,0.0,0.0
0.0,0.0,0.0
0.0,0.0,0.0
0.0,0.0,0.0
0.0,0.0,0.0
0.0,0.0,0.0
0.0,0.0,0.0
0.0,0.0,0.0
0.0,0.0,0.0
0.0,0.0,0.0
0.0,0.0,0.0
0.0,0.0,0.0
0.0,0.0,0.0
0.0,0.0,0.0
0.0,0.0,0.0
0.0,0.0,0.0
0.0,0.0,0.0
0.0,0.0,0.0
0.0,0.0,0.0
0.0,0.0,0.0
0.0,0.0,0.0
0.0,0.0,0.0
0.0,0.0,0.0
0.0,0.0,0.0
0.0,0.0,0.0
0.0,0.0,0.0
0.0,0.0,0.0
0.0,0.0,0.0
0.0,0.0,0.0
0.0,0.0,0.0
0.0,0.0,0.0
0.0,0.0,0.0
0.0,0.0,0.0
0.0,0.0,0.0
0.0,0.0,0.0
0.0,0.0,0.0
0.0,0.0,-0.0
0.0,0.0,-0.0
0.0,0.0,-0.0
0.0,0.0,-0.0
0.0,0.0,-0.0
0.0,0.0,0.0
0.0,0.0,0.0
0.0,0.0,0.0
0.0,0.0,0.0
0.0,0.0,0.0
0.0,0.0,0.0
0.0,0.0,0.0
0.0,0.0,0.0
0.0,0.0,0.0
0.0,0.0,0.0
0.0,0.0,0.0
0.0,0.0,0.0
0.0,0.0,0.0
0.0,0.0,0.0
0.0,0.0,0.0
0.0,0.0,0.0
0.0,0.0,0.0
0.0,0.0,0.0
0.0,0.0,0.0
0.0,0.0,0.0
0.0,0.0,0.0
0.0,0.0,0.0
0.0,0.0,0.0
0.0,0.0,0.0
0.0,0.0,0.0
0.0,0.0,0.0
0.0,0.0,0.0
0.0,0.0,0.0
0.0,0.0,0.0
0.0,0.0,0.0
0.0,0.0,0.0
0.0,0.0,0.0
0.0,0.0,0.0
0.0,0.0,0.0
0.0,0.0,0.0
0.0,0.0,0.0
0.0,0.0,0.0
0.0,0.0,0.0
0.0,0.0,0.0
0.0,0.0,0.0
0.0,0.0,0.0
0.0,0.0,0.0
0.0,0.0,0.0
0.0,0.0,0.0
0.0,0.0,0.0
0.0,0.0,0.0
0.0,0.0,-0.0
0.0,0.0,-0.0
0.0,0.0,-0.0
0.0,0.0,-0.0
0.0,0.0,-0.0
0.0,0.0,0.0
0.0,0.0,0.0
0.0,0.0,0.0
0.0,0.0,0.0
0.0,0.0,0.0
0.0,0.0,0.0
0.0,0.0,0.0
0.0,0.0,0.0
0.0,0.0,0.0
0.0,0.0,0.0
0.0,0.0,0.0
0.0,0.0,0.0
0.0,0.0,0.0
0.0,0.0,0.0
0.0,0.0,0.0
0.0,0.0,0.0
0.0,0.0,0.0
0.0,0.0,0.0
0.0,0.0,0.0
0.0,0.0,0.0
0.0,0.0,0.0
0.0,0.0,0.0
0.0,0.0,0.0
0.0,0.0,0.0
0.0,0.0,0.0
0.0,0.0,0.0
0.0,0.0,0.0
0.0,0.0,0.0
0.0,0.0,0.0
0.0,0.0,0.0
0.0,0.0,0.0
0.0,0.0,0.0
0.0,0.0,0.0
0.0,0.0,0.0
0.0,0.0,0.0
0.0,0.0,0.0
0.0,0.0,0.0
0.0,0.0,0.0
0.0,0.0,0.0
0.0,0.0,0.0
0.0,0.0,0.0
0.0,0.0,0.0
0.0,0.0,0.0
0.0,0.0,0.0
0.0,0.0,0.0
0.0,0.0,0.0
0.0,0.0,-0.0
0.0,0.0,-0.0
0.0,0.0,-0.0
0.0,0.0,-0.0
0.0,0.0,-0.0
0.0,0.0,0.0
0.0,0.0,0.0
0.0,0.0,0.0
0.0,0.0,0.0
0.0,0.0,0.0
0.0,0.0,0.0
0.0,0.0,0.0
0.0,0.0,0.0
0.0,0.0,0.0
0.0,0.0,0.0
0.0,0.0,0.0
0.0,0.0,0.0
0.0,0.0,0.0
0.0,0.0,0.0
0.0,0.0,0.0
0.0,0.0,0.0
0.0,0.0,0.0
0.0,0.0,0.0
0.0,0.0,0.0
0.0,0.0,0.0
0.0,0.0,0.0
0.0,0.0,0.0
0.0,0.0,0.0
0.0,0.0,0.0
0.0,0.0,0.0
0.0,0.0,0.0
0.0,0.0,0.0
0.0,0.0,0.0
0.0,0.0,0.0
0.0,0.0,0.0
0.0,0.0,0.0
0.0,0.0,0.0
0.0,0.0,0.0
0.0,0.0,0.0
0.0,0.0,0.0
0.0,0.0,0.0
0.0,0.0,0.0
0.0,0.0,0.0
0.0,0.0,0.0
0.0,0.0,0.0
0.0,0.0,0.0
0.0,0.0,0.0
0.0,0.0,0.0
0.0,0.0,0.0
0.0,0.0,0.0
0.0,0.0,0.0
0.0,0.0,-0.0
0.0,0.0,-0.0
0.0,0.0,-0.0
0.0,0.0,-0.0
0.0,0.0,-0.0
0.0,0.0,0.0
0.0,0.0,0.0
0.0,0.0,0.0
0.0,0.0,0.0
0.0,0.0,0.0
0.0,0.0,0.0
0.0,0.0,0.0
0.0,0.0,0.0
0.0,0.0,0.0
0.0,0.0,0.0
0.0,0.0,0.0
0.0,0.0,0.0
0.0,0.0,0.0
0.0,0.0,0.0
0.0,0.0,0.0
0.0,0.0,0.0
0.0,0.0,0.0
0.0,0.0,0.0
0.0,0.0,0.0
0.0,0.0,0.0
0.0,0.0,0.0
0.0,0.0,0.0
0.0,0.0,0.0
0.0,0.0,0.0
0.0,0.0,0.0
0.0,0.0,0.0
0.0,0.0,0.0
0.0,0.0,0.0
0.0,0.0,0.0
0.0,0.0,0.0
0.0,0.0,0.0
0.0,0.0,0.0
0.0,0.0,0.0
0.0,0.0,0.0
0.0,0.0,0.0
0.0,0.0,0.0
0.0,0.0,0.0
0.0,0.0,0.0
0.0,0.0,0.0
0.0,0.0,0.0
0.0,0.0,0.0
0.0,0.0,0.0
0.0,0.0,0.0
0.0,0.0,0.0
0.0,0.0,0.0
0.0,0.0,0.0
0.0,0.0,-0.0
0.0,0.0,-0.0
0.0,0.0,-0.0
0.0,0.0,-0.0
0.0,0.0,-0.0
0.0,0.0,0.0
0.0,0.0,0.0
0.0,0.0,0.0
0.0,0.0,0.0
0.0,0.0,0.0
0.0,0.0,0.0
0.0,0.0,0.0
0.0,0.0,0.0
0.0,0.0,0.0
0.0,0.0,0.0
0.0,0.0,0.0
0.0,0.0,0.0
0.0,0.0,0.0
0.0,0.0,0.0
0.0,0.0,0.0
0.0,0.0,0.0
0.0,0.0,0.0
0.0,0.0,0.0
0.0,0.0,0.0
0.0,0.0,0.0
0.0,0.0,0.0
0.0,0.0,0.0
0.0,0.0,0.0
0.0,0.0,0.0
0.0,0.0,0.0
0.0,0.0,0.0
0.0,0.0,0.0
0.0,0.0,0.0
0.0,0.0,0.0
0.0,0.0,0.0
0.0,0.0,0.0
0.0,0.0,0.0
0.0,0.0,0.0
0.0,0.0,0.0
0.0,0.0,0.0
0.0,0.0,0.0
0.0,0.0,0.0
0.0,0.0,0.0
0.0,0.0,0.0
0.0,0.0,0.0
0.0,0.0,0.0
0.0,0.0,0.0
0.0,0.0,0.0
0.0,0.0,0.0
0.0,0.0,0.0
0.0,0.0,0.0
0.0,0.0,-0.0
0.0,0.0,-0.0
0.0,0.0,-0.0
0.0,0.0,-0.0
0.0,0.0,-0.0
0.0,0.0,0.0
0.0,0.0,0.0
0.0,0.0,0.0
0.0,0.0,0.0
0.0,0.0,0.0
0.0,0.0,0.0
0.0,0.0,0.0
0.0,0.0,0.0
0.0,0.0,0.0
0.0,0.0,0.0
0.0,0.0,0.0
0.0,0.0,0.0
0.0,0.0,0.0
0.0,0.0,0.0
0.0,0.0,0.0
0.0,0.0,0.0
0.0,0.0,0.0
0.0,0.0,0.0
0.0,0.0,0.0
0.0,0.0,0.0
0.0,0.0,0.0
0.0,0.0,0.0
0.0,0.0,0.0
0.0,0.0,0.0
0.0,0.0,0.0
0.0,0.0,0.0
0.0,0.0,0.0
0.0,0.0,0.0
0.0,0.0,0.0
0.0,0.0,0.0
0.0,0.0,0.0
0.0,0.0,0.0
0.0,0.0,0.0
0.0,0.0,0.0
0.0,0.0,0.0
0.0,0.0,0.0
0.0,0.0,0.0
0.0,0.0,0.0
0.0,0.0,0.0
0.0,0.0,0.0
0.0,0.0,0.0
0.0,0.0,0.0
0.0,0.0,0.0
0.0,0.0,0.0
0.0,0.0,0.0
0.0,0.0,0.0
0.0,0.0,-0.0
0.0,0.0,-0.0
0.0,0.0,-0.0
0.0,0.0,-0.0
0.0,0.0,-0.0
0.0,0.0,0.0
0.0,0.0,0.0
0.0,0.0,0.0
0.0,0.0,0.0
0.0,0.0,0.0
0.0,0.0,0.0
0.0,0.0,0.0
0.0,0.0,0.0
0.0,0.0,0.0
0.0,0.0,0.0
0.0,0.0,0.0
0.0,0.0,0.0
0.0,0.0,0.0
0.0,0.0,0.0
0.0,0.0,0.0
0.0,0.0,0.0
0.0,0.0,0.0
0.0,0.0,0.0
0.0,0.0,0.0
0.0,0.0,0.0
0.0,0.0,0.0
0.0,0.0,0.0
0.0,0.0,0.0
0.0,0.0,0.0
0.0,0.0,0.0
0.0,0.0,0.0
0.0,0.0,0.0
0.0,0.0,0.0
0.0,0.0,0.0
0.0,0.0,0.0
0.0,0.0,0.0
0.0,0.0,0.0
0.0,0.0,0.0
0.0,0.0,0.0
0.0,0.0,0.0
0.0,0.0,0.0
0.0,0.0,0.0
0.0,0.0,0.0
0.0,0.0,0.0
0.0,0.0,0.0
0.0,0.0,0.0
0.0,0.0,0.0
0.0,0.0,0.0
0.0,0.0,0.0
0.0,0.0,0.0
0.0,0.0,0.0
0.0,0.0,-0.0
0.0,0.0,-0.0
0.0,0.0,-0.0
0.0,0.0,-0.0
0.0,0.0,-0.0
0.0,0.0,0.0
0.0,0.0,0.0
0.0,0.0,0.0
0.0,0.0,0.0
0.0,0.0,0.0
0.0,0.0,0.0
0.0,0.0,0.0
0.0,0.0,0.0
0.0,0.0,0.0
0.0,0.0,0.0
0.0,0.0,0.0
0.0,0.0,0.0
0.0,0.0,0.0
0.0,0.0,0.0
0.0,0.0,0.0
0.0,0.0,0.0
0.0,0.0,0.0
0.0,0.0,0.0
0.0,0.0,0.0
0.0,0.0,0.0
0.0,0.0,0.0
0.0,0.0,0.0
0.0,0.0,0.0
0.0,0.0,0.0
0.0,0.0,0.0
0.0,0.0,0.0
0.0,0.0,0.0
0.0,0.0,0.0
0.0,0.0,0.0
0.0,0.0,0.0
0.0,0.0,0.0
0.0,0.0,0.0
0.0,0.0,0.0
0.0,0.0,0.0
0.0,0.0,0.0
0.0,0.0,0.0
0.0,0.0,0.0
0.0,0.0,0.0
0.0,0.0,0.0
0.0,0.0,0.0
0.0,0.0,0.0
0.0,0.0,0.0
0.0,0.0,0.0
0.0,0.0,0.0
0.0,0.0,0.0
0.0,0.0,0.0
0.0,0.0,-0.0
0.0,0.0,-0.0
0.0,0.0,-0.0
0.0,0.0,-0.0
0.0,0.0,-0.0
0.0,0.0,0.0
0.0,0.0,0.0
0.0,0.0,0.0
0.0,0.0,0.0
0.0,0.0,0.0
0.0,0.0,0.0
0.0,0.0,0.0
0.0,0.0,0.0
0.0,0.0,0.0
0.0,0.0,0.0
0.0,0.0,0.0
0.0,0.0,0.0
0.0,0.0,0.0
0.0,0.0,0.0
0.0,0.0,0.0
0.0,0.0,0.0
0.0,0.0,0.0
0.0,0.0,0.0
0.0,0.0,0.0
0.0,0.0,0.0
0.0,0.0,0.0
0.0,0.0,0.0
0.0,0.0,0.0
0.0,0.0,0.0
0.0,0.0,0.0
0.0,0.0,0.0
0.0,0.0,0.0
0.0,0.0,0.0
0.0,0.0,0.0
0.0,0.0,0.0
0.0,0.0,0.0
0.0,0.0,0.0
0.0,0.0,0.0
0.0,0.0,0.0
0.0,0.0,0.0
0.0,0.0,0.0
0.0,0.0,0.0
0.0,0.0,0.0
0.0,0.0,0.0
0.0,0.0,0.0
0.0,0.0,0.0
0.0,0.0,0.0
0.0,0.0,0.0
0.0,0.0,0.0
0.0,0.0,0.0
0.0,0.0,0.0
0.0,0.0,-0.0
0.0,0.0,-0.0
0.0,0.0,-0.0
0.0,0.0,-0.0
0.0,0.0,-0.0
0.0,0.0,0.0
0.0,0.0,0.0
0.0,0.0,0.0
0.0,0.0,0.0
0.0,0.0,0.0
0.0,0.0,0.0
0.0,0.0,0.0
0.0,0.0,0.0
0.0,0.0,0.0
0.0,0.0,0.0
0.0,0.0,0.0
0.0,0.0,0.0
0.0,0.0,0.0
0.0,0.0,0.0
0.0,0.0,0.0
0.0,0.0,0.0
0.0,0.0,0.0
0.0,0.0,0.0
0.0,0.0,0.0
0.0,0.0,0.0
0.0,0.0,0.0
0.0,0.0,0.0
0.0,0.0,0.0
0.0,0.0,0.0
0.0,0.0,0.0
0.0,0.0,0.0
0.0,0.0,0.0
0.0,0.0,0.0
0.0,0.0,0.0
0.0,0.0,0.0
0.0,0.0,0.0
0.0,0.0,0.0
0.0,0.0,0.0
0.0,0.0,0.0
0.0,0.0,0.0
0.0,0.0,0.0
0.0,0.0,0.0
0.0,0.0,0.0
0.0,0.0,0.0
0.0,0.0,0.0
0.0,0.0,0.0
0.0,0.0,0.0
0.0,0.0,0.0
0.0,0.0,0.0
0.0,0.0,0.0
0.0,0.0,0.0
0.0,0.0,-0.0
0.0,0.0,-0.0
0.0,0.0,-0.0
0.0,0.0,-0.0
0.0,0.0,-0.0
0.0,0.0,0.0
0.0,0.0,0.0
0.0,0.0,0.0
0.0,0.0,0.0
0.0,0.0,0.0
0.0,0.0,0.0
0.0,0.0,0.0
0.0,0.0,0.0
0.0,0.0,0.0
0.0,0.0,0.0
0.0,0.0,0.0
0.0,0.0,0.0
0.0,0.0,0.0
0.0,0.0,0.0
0.0,0.0,0.0
0.0,0.0,0.0
0.0,0.0,0.0
0.0,0.0,0.0
0.0,0.0,0.0
0.0,0.0,0.0
0.0,0.0,0.0
0.0,0.0,0.0
0.0,0.0,0.0
0.0,0.0,0.0
0.0,0.0,0.0
0.0,0.0,0.0
0.0,0.0,0.0
0.0,0.0,0.0
0.0,0.0,0.0
0.0,0.0,0.0
0.0,0.0,0.0
0.0,0.0,0.0
0.0,0.0,0.0
0.0,0.0,0.0
0.0,0.0,0.0
0.0,0.0,0.0
0.0,0.0,0.0
0.0,0.0,0.0
0.0,0.0,0.0
0.0,0.0,0.0
0.0,0.0,0.0
0.0,0.0,0.0
0.0,0.0,0.0
0.0,0.0,0.0
0.0,0.0,0.0
0.0,0.0,0.0
0.0,0.0,-0.0
0.0,0.0,-0.0
0.0,0.0,-0.0
0.0,0.0,-0.0
0.0,0.0,-0.0
0.0,0.0,0.0
0.0,0.0,0.0
0.0,0.0,0.0
0.0,0.0,0.0
0.0,0.0,0.0
0.0,0.0,0.0
0.0,0.0,0.0
0.0,0.0,0.0
0.0,0.0,0.0
0.0,0.0,0.0
0.0,0.0,0.0
0.0,0.0,0.0
0.0,0.0,0.0
0.0,0.0,0.0
0.0,0.0,0.0
0.0,0.0,0.0
0.0,0.0,0.0
0.0,0.0,0.0
0.0,0.0,0.0
0.0,0.0,0.0
0.0,0.0,0.0
0.0,0.0,0.0
0.0,0.0,0.0
0.0,0.0,0.0
0.0,0.0,0.0
0.0,0.0,0.0
0.0,0.0,0.0
0.0,0.0,0.0
0.0,0.0,0.0
0.0,0.0,0.0
0.0,0.0,0.0
0.0,0.0,0.0
0.0,0.0,0.0
0.0,0.0,0.0
0.0,0.0,0.0
0.0,0.0,0.0
0.0,0.0,0.0
0.0,0.0,0.0
0.0,0.0,0.0
0.0,0.0,0.0
0.0,0.0,0.0
0.0,0.0,0.0
0.0,0.0,0.0
0.0,0.0,0.0
0.0,0.0,0.0
0.0,0.0,0.0
0.0,0.0,-0.0
0.0,0.0,-0.0
0.0,0.0,-0.0
0.0,0.0,-0.0
0.0,0.0,-0.0
-0.0,0.0,0.0
-0.0,0.0,0.0
-0.0,0.0,0.0
-0.0,0.0,0.0
-0.0,0.0,0.0
-0.0,0.0,0.0
-0.0,0.0,0.0
-0.0,0.0,0.0
-0.0,0.0,0.0
-0.0,0.0,0.0
-0.0,0.0,0.0
-0.0,0.0,0.0
-0.0,0.0,0.0
-0.0,0.0,0.0
-0.0,0.0,0.0
-0.0,0.0,0.0
-0.0,0.0,0.0
-0.0,0.0,0.0
-0.0,0.0,0.0
-0.0,0.0,0.0
-0.0,0.0,0.0
-0.0,0.0,0.0
-0.0,0.0,0.0
-0.0,0.0,0.0
-0.0,0.0,0.0
-0.0,0.0,0.0
-0.0,0.0,0.0
-0.0,0.0,0.0
-0.0,0.0,0.0
-0.0,0.0,0.0
-0.0,0.0,0.0
-0.0,0.0,0.0
-0.0,0.0,0.0
-0.0,0.0,0.0
-0.0,0.0,0.0
-0.0,0.0,0.0
-0.0,0.0,0.0
-0.0,0.0,0.0
-0.0,0.0,0.0
-0.0,0.0,0.0
-0.0,0.0,0.0
-0.0,0.0,0.0
-0.0,0.0,0.0
-0.0,0.0,0.0
-0.0,0.0,0.0
-0.0,0.0,0.0
-0.0,0.0,-0.0
-0.0,0.0,-0.0
-0.0,0.0,-0.0
-0.0,0.0,-0.0
-0.0,0.0,-0.0
-0.0,0.0,0.0
-0.0,0.0,0.0
-0.0,0.0,0.0
-0.0,0.0,0.0
-0.0,0.0,0.0
-0.0,0.0,0.0
-0.0,0.0,0.0
-0.0,0.0,0.0
-0.0,0.0,0.0
-0.0,0.0,0.0
-0.0,0.0,0.0
-0.0,0.0,0.0
-0.0,0.0,0.0
-0.0,0.0,0.0
-0.0,0.0,0.0
-0.0,0.0,0.0
-0.0,0.0,0.0
-0.0,0.0,0.0
-0.0,0.0,0.0
-0.0,0.0,0.0
-0.0,0.0,0.0
-0.0,0.0,0.0
-0.0,0.0,0.0
-0.0,0.0,0.0
-0.0,0.0,0.0
-0.0,0.0,0.0
-0.0,0.0,0.0
-0.0,0.0,0.0
-0.0,0.0,0.0
-0.0,0.0,0.0
-0.0,0.0,0.0
-0.0,0.0,0.0
-0.0,0.0,0.0
-0.0,0.0,0.0
-0.0,0.0,0.0
-0.0,0.0,0.0
-0.0,0.0,0.0
-0.0,0.0,0.0
-0.0,0.0,0.0
-0.0,0.0,0.0
-0.0,0.0,0.0
-0.0,0.0,0.0
-0.0,0.0,0.0
-0.0,0.0,0.0
-0.0,0.0,0.0
-0.0,0.0,0.0
-0.0,0.0,-0.0
-0.0,0.0,-0.0
-0.0,0.0,-0.0
-0.0,0.0,-0.0
-0.0,0.0,-0.0
-0.0,0.0,0.0
-0.0,0.0,0.0
-0.0,0.0,0.0
-0.0,0.0,0.0
-0.0,0.0,0.0
-0.0,0.0,0.0
-0.0,0.0,0.0
-0.0,0.0,0.0
-0.0,0.0,0.0
-0.0,0.0,0.0
-0.0,0.0,0.0
-0.0,0.0,0.0
-0.0,0.0,0.0
-0.0,0.0,0.0
-0.0,0.0,0.0
-0.0,0.0,0.0
-0.0,0.0,0.0
-0.0,0.0,0.0
-0.0,0.0,0.0
-0.0,0.0,0.0
-0.0,0.0,0.0
-0.0,0.0,0.0
-0.0,0.0,0.0
-0.0,0.0,0.0
-0.0,0.0,0.0
-0.0,0.0,0.0
-0.0,0.0,0.0
-0.0,0.0,0.0
-0.0,0.0,0.0
-0.0,0.0,0.0
-0.0,0.0,0.0
-0.0,0.0,0.0
-0.0,0.0,0.0
-0.0,0.0,0.0
-0.0,0.0,0.0
-0.0,0.0,0.0
-0.0,0.0,0.0
-0.0,0.0,0.0
-0.0,0.0,0.0
-0.0,0.0,0.0
-0.0,0.0,0.0
-0.0,0.0,0.0
-0.0,0.0,0.0
-0.0,0.0,0.0
-0.0,0.0,0.0
-0.0,0.0,0.0
-0.0,0.0,-0.0
-0.0,0.0,-0.0
-0.0,0.0,-0.0
-0.0,0.0,-0.0
-0.0,0.0,-0.0
-0.0,0.0,0.0
-0.0,0.0,0.0
-0.0,0.0,0.0
-0.0,0.0,0.0
-0.0,0.0,0.0
-0.0,0.0,0.0
-0.0,0.0,0.0
-0.0,0.0,0.0
-0.0,0.0,0.0
-0.0,0.0,0.0
-0.0,0.0,0.0
-0.0,0.0,0.0
-0.0,0.0,0.0
-0.0,0.0,0.0
-0.0,0.0,0.0
-0.0,0.0,0.0
-0.0,0.0,0.0
-0.0,0.0,0.0
-0.0,0.0,0.0
-0.0,0.0,0.0
-0.0,0.0,0.0
-0.0,0.0,0.0
-0.0,0.0,0.0
-0.0,0.0,0.0
-0.0,0.0,0.0
-0.0,0.0,0.0
-0.0,0.0,0.0
-0.0,0.0,0.0
-0.0,0.0,0.0
-0.0,0.0,0.0
-0.0,0.0,0.0
-0.0,0.0,0.0
-0.0,0.0,0.0
-0.0,0.0,0.0
-0.0,0.0,0.0
-0.0,0.0,0.0
-0.0,0.0,0.0
-0.0,0.0,0.0
-0.0,0.0,0.0
-0.0,0.0,0.0
-0.0,0.0,0.0
-0.0,0.0,0.0
-0.0,0.0,0.0
-0.0,0.0,0.0
-0.0,0.0,0.0
-0.0,0.0,0.0
-0.0,0.0,-0.0
-0.0,0.0,-0.0
-0.0,0.0,-0.0
-0.0,0.0,-0.0
-0.0,0.0,-0.0
-0.0,0.0,0.0
-0.0,0.0,0.0
-0.0,0.0,0.0
-0.0,0.0,0.0
-0.0,0.0,0.0
-0.0,0.0,0.0
-0.0,0.0,0.0
-0.0,0.0,0.0
-0.0,0.0,0.0
-0.0,0.0,0.0
-0.0,0.0,0.0
-0.0,0.0,0.0
-0.0,0.0,0.0
-0.0,0.0,0.0
-0.0,0.0,0.0
-0.0,0.0,0.0
-0.0,0.0,0.0
-0.0,0.0,0.0
-0.0,0.0,0.0
-0.0,0.0,0.0
-0.0,0.0,0.0
-0.0,0.0,0.0
-0.0,0.0,0.0
-0.0,0.0,0.0
-0.0,0.0,0.0
-0.0,0.0,0.0
-0.0,0.0,0.0
-0.0,0.0,0.0
-0.0,0.0,0.0
-0.0,0.0,0.0
-0.0,0.0,0.0
-0.0,0.0,0.0
-0.0,0.0,0.0
-0.0,0.0,0.0
-0.0,0.0,0.0
-0.0,0.0,0.0
-0.0,0.0,0.0
-0.0,0.0,0.0
-0.0,0.0,0.0
-0.0,0.0,0.0
-0.0,0.0,0.0
-0.0,0.0,0.0
-0.0,0.0,0.0
-0.0,0.0,0.0
-0.0,0.0,0.0
-0.0,0.0,0.0
